27065
32034
28700
28486
31959
2319
29306
13033
31833
26377
14747
3186
5908
13251
29993
25283
7092
21295
22076
5616
23779
19084
21463
27595
6288
21532
13587
30488
25166
4001
12216
1060
24088
12901
5564
9764
15985
4551
15330
31318
14537
18149
5787
10122
26884
3806
10400
10931
1771
21205
22932
15607
9709
1722
16287
3175
32194
2721
8848
13103
13444
10430
31105
25291
20171
15970
16978
26476
9130
18874
32621
1759
17691
11260
25520
844
5034
18921
129
19064
19845
5411
19820
7616
23716
23152
12975
13748
27872
14726
16105
24411
11344
31786
23702
20379
31790
27399
27075
22746
30903
24092
11600
6611
13498
18688
25078
13099
8289
27266
18215
28275
24762
12645
2642
13487
8192
14066
31017
18431
30351
27940
10129
31198
4049
10732
25144
5099
27351
3356
25253
31864
28527
4710
1967
10002
23002
5625
17879
17992
20302
26316
31962
32485
3569
9943
15966
18748
23796
17987
31869
20268
5431
5844
23100
26322
8039
21728
26640
14956
14219
22637
12788
11056
4083
23681
25731
437
16556
11214
32689
5608
2163
27129
30919
32088
25813
5163
28403
15208
30395
19627
8661
18675
8942
29892
9892
939
5452
2630
13889
12169
31267
18771
8736
12571
10946
30227
9577
24913
20515
27680
27405
22313
3354
32255
12152
6680
18513
30660
15591
4239
20760
20831
31254
5435
1317
29068
17413
26819
10650
3559
4436
31318
29796
5136
18485
22362
7330
10403
8815
17457
13924
11718
27440
16387
21423
24182
18930
32036
983
19278
14805
32084
25099
25
11269
12306
5477
28585
7491
14668
20721
22820
6888
6464
29115
2194
22272
30160
30599
29504
16435
931
5973
30398
31330
3297
10920
10932
17895
26064
32392
13700
6249
19145
2724
14020
14501
12508
3680
3764
8716
7440
15888
22008
21957
13291
17420
5390
30758
18456
24366
32712
31724
7720
31269
20756
11367
23844
12759
26513
3555
30060
20331
11094
28663
6487
25336
19375
11182
31143
27108
13178
22286
30620
20503
13519
19149
5166
9204
16414
7564
8412
27701
14073
18888
8600
21373
31105
20407
11366
7484
2219
23697
32177
18488
11079
5712
12419
5343
31935
15065
22715
11374
10946
28528
32308
20665
17288
26036
14768
1881
9912
10648
31624
29035
31160
20356
15405
32751
29474
30874
31491
13782
9083
15073
11435
14325
3725
3249
24876
25570
11472
18907
28758
23503
13890
27160
28313
23801
6600
24895
12266
28458
21313
11547
5394
2463
26245
30451
32130
1008
15268
18676
18178
3740
22018
28001
8051
22164
22566
173
4422
19752
23279
21131
23594
80
21614
12552
13107
2858
5491
30713
14492
13658
25417
30925
13742
24533
16363
12022
14234
10282
8133
31656
731
8981
25703
27718
5584
15593
11659
8606
25157
23683
14936
1294
448
880
31514
12297
26269
9109
12462
17429
28254
7632
4806
18611
15304
25619
22032
4680
30882
29108
2709
914
3152
31087
5141
3345
13568
22794
22135
22695
23347
9447
76
15478
12644
20480
22157
5733
6374
27404
13616
4254
12630
23274
30663
25661
15223
15001
15435
15030
17900
15302
26447
18403
25860
9144
15016
8151
31138
8118
11024
22922
19755

